Cext	= 0.6949020075
Qext	= 0.2211941789
Cabs	= -9.331328734e-18
Qabs	= -2.970254187e-18
