Cext	= 0.4662539536
Qext	= 0.1484132429
Cabs	= -5.711988529e-18
Qabs	= -1.818182419e-18
