Cext	= 1.00299792e-13
Qext	= 3.192641537e-14
Cabs	= 0
Qabs	= 0
