Cext	= 3.410205018e-13
Qext	= 1.085501971e-13
Cabs	= 0
Qabs	= 0
