Cext	= 7.403438572
Qext	= 2.356587689
Cabs	= -2.457132241e-18
Qabs	= -7.821294839e-19

Based on radiation forces:
Cext.a	= (0,0,7.403438572)
Csca.g	= (2.649405346e-08,1.655576882e-08,4.34478306)
Cpr	= (-2.649405346e-08,-1.655576882e-08,3.058655512)
Qpr	= (-8.433319143e-09,-5.269864889e-09,0.9736002879)
