Cext	= 220.5668858
Qext	= 3.929682396
Cabs	= 0
Qabs	= 0

Based on radiation forces:
Cext.a	= (0,0,220.5668858)
Csca.g	= (-3.172934682e-11,4.952773267e-14,163.1653719)
Cpr	= (3.172934682e-11,-4.952773267e-14,57.4015139)
Qpr	= (5.652990708e-13,-8.824001773e-16,1.022681704)
