Cext	= 220.5668861
Qext	= 3.9296824
Cabs	= 0
Qabs	= 0

Based on radiation forces:
Cext.a	= (0,0,220.5668861)
Csca.g	= (-1.646450504e-11,9.940425219e-15,163.1653724)
Cpr	= (1.646450504e-11,-9.940425219e-15,57.40151365)
Qpr	= (2.933363065e-13,-1.77101444e-16,1.0226817)
