Cext	= 1.325293078
Qext	= 0.4218538889
Cabs	= -1.95175291e-17
Qabs	= -6.212622465e-18
