Cext	= 7.411066924
Qext	= 2.359015869
Cabs	= 0
Qabs	= 0

Based on radiation forces:
Cext.a	= (0,0,7.411066924)
Csca.g	= (-1.865311438e-08,9.753504407e-08,4.375738066)
Cpr	= (1.865311438e-08,-9.753504407e-08,3.035328857)
Qpr	= (5.937470715e-09,-3.104636878e-08,0.9661751831)
