Cext	= 1.091930463
Qext	= 0.3475722613
Cabs	= -1.550697618e-17
Qabs	= -4.936023824e-18
