Cext	= 0.0007114706474
Qext	= 0.0002264681408
Cabs	= -7.295595117e-21
Qabs	= -2.322260051e-21
