Cext	= 0.08937600369
Qext	= 0.02844926556
Cabs	= -9.960743236e-19
Qabs	= -3.170603046e-19
