Cext	= 0.0531165321
Qext	= 0.01690751729
Cabs	= -6.557327854e-19
Qabs	= -2.087262283e-19
