Cext	= 7.601096833
Qext	= 2.266901026
Cabs	= 1.103841932e-17
Qabs	= 3.292025431e-18

Based on radiation forces:
Cext.a	= (0,0,7.601096833)
Csca.g	= (-0.1854975304,1.503997861e-10,4.620656311)
Cpr	= (0.1854975304,-1.503997861e-10,2.980440522)
Qpr	= (0.05532156098,-4.485424102e-11,0.8888669391)
