Cext	= 7.611892173
Qext	= 2.270120557
Cabs	= 1.106874437e-17
Qabs	= 3.301069374e-18

Based on radiation forces:
Cext.a	= (0,0,7.611892173)
Csca.g	= (0.1843410076,1.715402872e-13,4.632119531)
Cpr	= (-0.1843410076,-1.715402872e-13,2.979772642)
Qpr	= (-0.05497664724,-5.115904473e-14,0.8886677551)
