Cext	= 7.403712906
Qext	= 2.356675012
Cabs	= 2.085894713e-18
Qabs	= 6.639609088e-19

Based on radiation forces:
Cext.a	= (0,0,7.403712906)
Csca.g	= (-9.319554959e-10,-2.062220945e-08,4.349905843)
Cpr	= (9.319554959e-10,2.062220945e-08,3.053807063)
Qpr	= (2.966506478e-10,6.564253142e-09,0.9720569786)
