Cext	= 0.05188064474
Qext	= 0.02707710889
Cabs	= 0
Qabs	= 0
