Cext	= 0.05211344255
Qext	= 0.02719860876
Cabs	= 0
Qabs	= 0
