Cext	= 7.243858652
Qext	= 2.305791823
Cabs	= -6.302332936e-16
Qabs	= -2.00609488e-16

Based on radiation forces:
Cext.a	= (0,0,7.243858652)
Csca.g	= (3.144507657e-08,8.780509518e-07,4.364741472)
Cpr	= (-3.144507657e-08,-8.780509518e-07,2.879117179)
Qpr	= (-1.000927874e-08,-2.794922985e-07,0.9164514616)
