Cext	= 7.412339602
Qext	= 2.359420975
Cabs	= 0
Qabs	= 0

Based on radiation forces:
Cext.a	= (0,0,7.412339602)
Csca.g	= (-1.138354882e-08,-2.204263183e-07,4.375900386)
Cpr	= (1.138354882e-08,2.204263183e-07,3.036439216)
Qpr	= (3.62349613e-09,7.016387631e-08,0.9665286212)
