Cext	= 7.386640732
Qext	= 2.351240771
Cabs	= 1.102118388e-16
Qabs	= 3.508151787e-17

Based on radiation forces:
Cext.a	= (0,0,7.386640732)
Csca.g	= (6.711079387e-10,6.791620934e-07,4.417419374)
Cpr	= (-6.711079387e-10,-6.791620934e-07,2.969221358)
Qpr	= (-2.136202916e-10,-2.161840087e-07,0.9451325125)
