Cext	= 0.002004011332
Qext	= 0.0006378966189
Cabs	= -2.099398959e-20
Qabs	= -6.682594436e-21
