Cext	= 59.25168423
Qext	= 3.141954073
Cabs	= 30.50857973
Qabs	= 1.617786188

Based on radiation forces:
Cext.a	= (0,0,59.25168423)
Csca.g	= (3.679136667e-11,1.550054403e-12,20.41916604)
Cpr	= (-3.679136667e-11,-1.550054403e-12,38.83251819)
Qpr	= (-1.950945122e-12,-8.219512756e-14,2.059181782)
