Cext	= 7.417084221
Qext	= 2.360931234
Cabs	= 3.740729951e-17
Qabs	= 1.190711325e-17

Based on radiation forces:
Cext.a	= (0,0,7.417084221)
Csca.g	= (-3.81700549e-09,-8.347080439e-08,4.374070867)
Cpr	= (3.81700549e-09,8.347080439e-08,3.043013354)
Qpr	= (1.214990583e-09,2.656958225e-08,0.9686212345)
