Cext	= 3.587732866
Qext	= 1.14201084
Cabs	= -1.718934967e-15
Qabs	= -5.471539938e-16

Based on radiation forces:
Cext.a	= (0,0,3.587732866)
Csca.g	= (2.179917811e-17,-5.449794528e-18,1.152451614)
Cpr	= (-2.179917811e-17,5.449794528e-18,2.435281252)
Qpr	= (-6.938893904e-18,1.734723476e-18,0.775174098)
