Cext	= 0.08098194781
Qext	= 0.02577735459
Cabs	= -1.002915737e-18
Qabs	= -3.19237994e-19
