Cext	= 6.792573598
Qext	= 3.577682744
Cabs	= 0
Qabs	= 0

Based on radiation forces:
Cext.a	= (0,0,6.792573598)
Csca.g	= (0.007050700562,-0.001124020405,4.149290018)
Cpr	= (-0.007050700562,0.001124020405,2.64328358)
Qpr	= (-0.003713639517,0.0005920272117,1.392230782)
