Cext	= 7.399954862
Qext	= 2.35547879
Cabs	= -1.791030534e-18
Qabs	= -5.701027255e-19

Based on radiation forces:
Cext.a	= (0,0,7.399954862)
Csca.g	= (5.675682607e-09,-3.277984187e-09,4.342028187)
Cpr	= (-5.675682607e-09,3.277984187e-09,3.057926675)
Qpr	= (-1.806625885e-09,1.043414773e-09,0.9733682919)
