Cext	= 7.001868152
Qext	= 2.228763854
Cabs	= 0
Qabs	= 0

Based on radiation forces:
Cext.a	= (0,0,7.001868152)
Csca.g	= (-4.682903709e-07,1.270097904e-06,4.029675602)
Cpr	= (4.682903709e-07,-1.270097904e-06,2.97219255)
Qpr	= (1.490614546e-07,-4.042847193e-07,0.9460782724)
