Cext	= 0.1319335983
Qext	= 0.04199576865
Cabs	= -1.491067465e-18
Qabs	= -4.74621515e-19
