Cext	= 8.835803999
Qext	= 4.605803482
Cabs	= 0
Qabs	= 0

Based on radiation forces:
Cext.a	= (0,0,8.835803999)
Csca.g	= (5.36873735e-14,-1.003283756e-14,7.328858843)
Cpr	= (-5.36873735e-14,1.003283756e-14,1.506945156)
Qpr	= (-2.798539802e-14,5.229776277e-15,0.7855191501)
