Cext	= 5.834696886
Qext	= 1.857241702
Cabs	= 5.139840038e-15
Qabs	= 1.636061897e-15

Based on radiation forces:
Cext.a	= (0,0,5.834696886)
Csca.g	= (2.916805917e-06,2.017119984e-07,2.488353672)
Cpr	= (-2.916805917e-06,-2.017119984e-07,3.346343215)
Qpr	= (-9.284481593e-07,-6.420692325e-08,1.065174128)
