Cext	= 0.03404166804
Qext	= 0.01083579948
Cabs	= -4.195121306e-19
Qabs	= -1.335348585e-19
