Cext	= 3.380003079
Qext	= 1.075888395
Cabs	= 1.310242629e-18
Qabs	= 4.17063182e-19
