Cext	= 3.381279576
Qext	= 1.076294717
Cabs	= 1.31074863e-18
Qabs	= 4.172242472e-19
