Cext	= 7.446422983
Qext	= 2.370270052
Cabs	= -6.529943867e-17
Qabs	= -2.078545689e-17

Based on radiation forces:
Cext.a	= (0,0,7.446422983)
Csca.g	= (-1.369520564e-09,1.573107537e-07,4.469948302)
Cpr	= (1.369520564e-09,-1.573107537e-07,2.976474681)
Qpr	= (4.359319349e-10,-5.007356809e-08,0.947441317)
