Cext	= 0.1369698394
Qext	= 0.043598854
Cabs	= -1.325168254e-18
Qabs	= -4.218141562e-19
