Cext	= 0.5614648285
Qext	= 0.1787198057
Cabs	= -7.40640576e-18
Qabs	= -2.357532175e-18
