Cext	= 0.590576951
Qext	= 0.1879864821
Cabs	= -7.423729869e-18
Qabs	= -2.36304661e-18
