Cext	= 0.003343072764
Qext	= 0.001064133111
Cabs	= -3.530513808e-20
Qabs	= -1.123797448e-20
