Cext	= 0.002857409188
Qext	= 0.0009095415935
Cabs	= -3.500887337e-20
Qabs	= -1.11436705e-20
