Cext	= 0.3328561943
Qext	= 0.1059514173
Cabs	= -4.260534988e-18
Qabs	= -1.356170407e-18
