Cext	= 5.259393813
Qext	= 0.7440520204
Cabs	= 0
Qabs	= 0
