Cext	= 1.683465592
Qext	= 0.5358637409
Cabs	= 4.517361463e-18
Qabs	= 1.437920813e-18
