Cext	= 1.562711234
Qext	= 0.4974264351
Cabs	= 4.37631152e-18
Qabs	= 1.393023222e-18
