Cext	= 0.0004202306615
Qext	= 0.000133763574
Cabs	= -4.253602717e-21
Qabs	= -1.353963797e-21
