Cext	= 0.0003306738194
Qext	= 0.0001052567458
Cabs	= -3.961130102e-21
Qabs	= -1.260866872e-21
