Cext	= 0.8893884238
Qext	= 0.2831011279
Cabs	= -4.49158942e-19
Qabs	= -1.429717317e-19
