Cext	= 0.8330976848
Qext	= 0.2651832292
Cabs	= -1.140015606e-17
Qabs	= -3.628782378e-18
