Cext	= 0.8605725126
Qext	= 0.2739287385
Cabs	= -1.14280783e-17
Qabs	= -3.637670303e-18
