Cext	= 0.2443843519
Qext	= 0.07778995524
Cabs	= -3.091777162e-18
Qabs	= -9.841432364e-19
