Cext	= 7.47329855
Qext	= 2.378824811
Cabs	= -8.405862842e-17
Qabs	= -2.675669245e-17

Based on radiation forces:
Cext.a	= (0,0,7.47329855)
Csca.g	= (-1.956969833e-09,-3.620956063e-07,4.492505366)
Cpr	= (1.956969833e-09,3.620956063e-07,2.980793184)
Qpr	= (6.229228448e-10,1.152586112e-07,0.9488159391)
