Cext	= 0.00914997585
Qext	= 0.002912527771
Cabs	= -9.784718462e-20
Qabs	= -3.11457262e-20
