Cext	= 0.00800886432
Qext	= 0.00254930069
Cabs	= -9.852005562e-20
Qabs	= -3.135990769e-20
