Cext	= 4.311128311
Qext	= 1.694166373
Cabs	= -1.557802126e-18
Qabs	= -6.121775525e-19

Based on radiation forces:
Cext.a	= (0,0,4.311128311)
Csca.g	= (3.401863928e-17,5.722284255e-17,3.888372659)
Cpr	= (-3.401863928e-17,-5.722284255e-17,0.4227556527)
Qpr	= (-1.336848049e-17,-2.248715617e-17,0.1661324737)
