Cext	= 4.186019786e-10
Qext	= 1.332451482e-10
Cabs	= 0
Qabs	= 0
