Cext	= 1.764862748e-10
Qext	= 5.617732605e-11
Cabs	= 0
Qabs	= 0
