Cext	= 1.706504296
Qext	= 0.5431971881
Cabs	= -3.254883817e-17
Qabs	= -1.036061697e-17
