Cext	= 1.706512367
Qext	= 0.5431997574
Cabs	= -3.254879143e-17
Qabs	= -1.03606021e-17
