Cext	= 7.627398679e-05
Qext	= 2.427876405e-05
Cabs	= 0
Qabs	= 0
