Cext	= 6.117732962e-05
Qext	= 1.947334883e-05
Cabs	= 0
Qabs	= 0
