Cext	= 0.4154753736
Qext	= 0.5289996756
Cabs	= 0
Qabs	= 0

Based on radiation forces:
Cext.a	= (0,0,0.4154753736)
Csca.g	= (-5.05596172e-18,-8.983645667e-18,0.3238789746)
Cpr	= (5.05596172e-18,8.983645667e-18,0.09159639909)
Qpr	= (6.437450399e-18,1.143833292e-17,0.1166241575)
