Cext	= 1.609876295
Qext	= 0.5124395402
Cabs	= -1.532186685e-17
Qabs	= -4.877101694e-18
