Cext	= 0.2638547318
Qext	= 0.08398756964
Cabs	= -3.089473305e-18
Qabs	= -9.834098962e-19
