Cext	= 0.2443844832
Qext	= 0.07778999704
Cabs	= -3.091793353e-18
Qabs	= -9.841483902e-19
