Cext	= 7.425929506
Qext	= 2.363746776
Cabs	= -9.913160493e-17
Qabs	= -3.155456988e-17

Based on radiation forces:
Cext.a	= (0,0,7.425929506)
Csca.g	= (-7.080679468e-09,-3.959759846e-07,4.412462232)
Cpr	= (7.080679468e-09,3.959759846e-07,3.013467274)
Qpr	= (2.253850276e-09,1.260430706e-07,0.9592164249)
