Cext	= 1.325292493
Qext	= 0.4218537027
Cabs	= -1.951754086e-17
Qabs	= -6.212626209e-18
