Cext	= 8.835803999
Qext	= 4.605803482
Cabs	= 0
Qabs	= 0

Based on radiation forces:
Cext.a	= (0,0,8.835803999)
Csca.g	= (-3.483717287e-14,-2.016108909e-14,7.328858843)
Cpr	= (3.483717287e-14,2.016108909e-14,1.506945156)
Qpr	= (1.815943089e-14,1.050928861e-14,0.7855191501)
