Cext	= 7.422577725
Qext	= 2.362679871
Cabs	= 1.420001279e-17
Qabs	= 4.520004454e-18

Based on radiation forces:
Cext.a	= (0,0,7.422577725)
Csca.g	= (8.328607442e-08,6.122865569e-07,4.395684267)
Cpr	= (-8.328607442e-08,-6.122865569e-07,3.026893458)
Qpr	= (-2.651078087e-08,-1.948968642e-07,0.9634901122)
