Cext	= 0.0001305566845
Qext	= 0.00415574834
Cabs	= 2.176091518e-24
Qabs	= 6.926714435e-23

Based on radiation forces:
Cext.a	= (0,0,0.0001305566845)
Csca.g	= (-3.159976075e-21,-2.341708586e-19,7.820959811e-06)
Cpr	= (3.159976075e-21,2.341708586e-19,0.0001227357247)
Qpr	= (1.005851625e-19,7.453889936e-18,0.003906799457)
