Cext	= 1.55080636
Qext	= 0.493636996
Cabs	= -3.53729345e-17
Qabs	= -1.125955475e-17
