Cext	= 0.05311651446
Qext	= 0.01690751167
Cabs	= -6.557314203e-19
Qabs	= -2.087257938e-19
