Cext	= 0.05899853436
Qext	= 0.01877981676
Cabs	= -6.499169586e-19
Qabs	= -2.068749931e-19
