Cext	= 0.05899849685
Qext	= 0.01877980482
Cabs	= -6.499173054e-19
Qabs	= -2.068751035e-19
