Cext	= 0.1319337809
Qext	= 0.04199582678
Cabs	= -1.491063059e-18
Qabs	= -4.746201127e-19
