Cext	= 0.1203590121
Qext	= 0.03831146344
Cabs	= -1.49799757e-18
Qabs	= -4.76827436e-19
