Cext	= 0.003227799623
Qext	= 0.006394766544
Cabs	= -3.437369286e-023
Qabs	= -6.809956219e-023

Based on radiation forces:
Cext.a	= (0,0,0.003227799623)
Csca.g	= (4.26265469e-008,-7.084291335e-007,0.0001059393309)
Cpr	= (-4.26265469e-008,7.084291335e-007,0.003121860292)
Qpr	= (-8.44497329e-008,1.403506863e-006,0.006184884467)
