Cext	= 6.197936055e-05
Qext	= 1.97286432e-05
Cabs	= 1.887777271e-22
Qabs	= 6.008981684e-23
