Cext	= 5.105534985e-05
Qext	= 1.62514226e-05
Cabs	= 2.863304836e-22
Qabs	= 9.114182366e-23
