Cext	= 8.818405748
Qext	= 4.602428013
Cabs	= 0
Qabs	= 0

Based on radiation forces:
Cext.a	= (0,0,8.818405748)
Csca.g	= (-2.698433402e-13,-1.379019414e-13,7.303758913)
Cpr	= (2.698433402e-13,1.379019414e-13,1.514646835)
Qpr	= (1.408343621e-13,7.197261909e-14,0.7905117119)
