Cext	= 4.259044881e-08
Qext	= 1.541766056e-08
Cabs	= 0
Qabs	= 0
