Cext	= 1.675466937e-09
Qext	= 6.065158088e-10
Cabs	= 0
Qabs	= 0
