Cext	= 0.1541343073
Qext	= 0.05579632278
Cabs	= 0
Qabs	= 0
