Cext	= 2.760813694
Qext	= 1.373116083
Cabs	= 2.277306001e-18
Qabs	= 1.132639085e-18

Based on radiation forces:
Cext.a	= (0,0,2.760813694)
Csca.g	= (1.860593913e-17,3.269876717e-17,2.45111831)
Cpr	= (-1.860593913e-17,-3.269876717e-17,0.3096953841)
Qpr	= (-9.253834949e-18,-1.626303259e-17,0.1540298476)
