Cext	= 7.446417286
Qext	= 2.370268239
Cabs	= -6.529953476e-17
Qabs	= -2.078548748e-17

Based on radiation forces:
Cext.a	= (0,0,7.446417286)
Csca.g	= (-1.607520527e-08,4.396518315e-07,4.469938464)
Cpr	= (1.607520527e-08,-4.396518315e-07,2.976478823)
Qpr	= (5.116896761e-09,-1.399455245e-07,0.9474426352)
