Cext	= 1.339017868
Qext	= 0.4262226251
Cabs	= 0
Qabs	= 0
