Cext	= 0.02404070332
Qext	= 0.007652393537
Cabs	= -2.602745536e-19
Qabs	= -8.284796353e-20
