Cext	= 6.77006266
Qext	= 3.652964874
Cabs	= 0
Qabs	= 0

Based on radiation forces:
Cext.a	= (0,0,6.77006266)
Csca.g	= (0.004267287873,0.01724218714,4.288801896)
Cpr	= (-0.004267287873,-0.01724218714,2.481260763)
Qpr	= (-0.002302527095,-0.009303474304,1.338829324)
