Cext	= 6.710945989
Qext	= 3.621066925
Cabs	= 0
Qabs	= 0

Based on radiation forces:
Cext.a	= (0,0,6.710945989)
Csca.g	= (-0.02216232874,-0.01157817767,4.206729843)
Cpr	= (0.02216232874,0.01157817767,2.504216147)
Qpr	= (0.01195826575,0.006247309435,1.351215503)
