Cext	= 0.3802938063
Qext	= 0.1210512782
Cabs	= 1.834953532e-19
Qabs	= 5.840838498e-20
