Cext	= 0.0003257804028
Qext	= 0.0001036991229
Cabs	= -1.753286156e-20
Qabs	= -5.580883167e-21
