Cext	= 7.415887126
Qext	= 2.360550187
Cabs	= -2.439524158e-17
Qabs	= -7.76524657e-18

Based on radiation forces:
Cext.a	= (0,0,7.415887126)
Csca.g	= (-1.56522102e-08,3.477663701e-07,4.394601805)
Cpr	= (1.56522102e-08,-3.477663701e-07,3.021285321)
Qpr	= (4.982253249e-09,-1.106974737e-07,0.9617049866)
