Cext	= 0.008008867764
Qext	= 0.002549301786
Cabs	= -9.852005775e-20
Qabs	= -3.135990837e-20
