Cext	= 0.009149973565
Qext	= 0.002912527044
Cabs	= -9.784722297e-20
Qabs	= -3.114573841e-20
