Cext	= 1.325292485
Qext	= 0.4218537002
Cabs	= -1.951752734e-17
Qabs	= -6.212621907e-18
