Cext	= 1.326754239
Qext	= 0.4223189909
Cabs	= -1.951996696e-17
Qabs	= -6.21339846e-18
