Cext	= 7.403646056
Qext	= 2.356653734
Cabs	= -1.651977821e-17
Qabs	= -5.258408721e-18

Based on radiation forces:
Cext.a	= (0,0,7.403646056)
Csca.g	= (5.582364418e-09,-7.93889358e-08,4.355980563)
Cpr	= (-5.582364418e-09,7.93889358e-08,3.047665494)
Qpr	= (-1.776921782e-09,2.527028312e-08,0.9701020564)
