Cext	= 0.1369702255
Qext	= 0.0435989769
Cabs	= -1.325170414e-18
Qabs	= -4.218148437e-19
