Cext	= 7.399400362
Qext	= 2.355302287
Cabs	= -4.300028317e-16
Qabs	= -1.368741524e-16

Based on radiation forces:
Cext.a	= (0,0,7.399400362)
Csca.g	= (-5.037880983e-07,-3.557203935e-07,4.516451553)
Cpr	= (5.037880983e-07,3.557203935e-07,2.882948809)
Qpr	= (1.603607322e-07,1.13229318e-07,0.9176711073)
