Cext	= 6.759843544e-14
Qext	= 2.151725029e-14
Cabs	= -1.489888373e-30
Qabs	= -4.742461984e-31
