Cext	= 0.8330977696
Qext	= 0.2651832562
Cabs	= -1.140015776e-17
Qabs	= -3.628782921e-18
