Cext	= 7.407907032
Qext	= 2.358010044
Cabs	= 0
Qabs	= 0

Based on radiation forces:
Cext.a	= (0,0,7.407907032)
Csca.g	= (2.599531244e-08,2.663438593e-08,4.394525873)
Cpr	= (-2.599531244e-08,-2.663438593e-08,3.01338116)
Qpr	= (-8.274564945e-09,-8.477988355e-09,0.9591890139)
