Cext	= 0.1740283712
Qext	= 0.05539495103
Cabs	= -2.181270219e-18
Qabs	= -6.94319875e-19
