Cext	= 0.1893738405
Qext	= 0.06027956562
Cabs	= -2.175707396e-18
Qabs	= -6.925491737e-19
