Cext	= 0.5044541952
Qext	= 0.1605727575
Cabs	= -2.847324903e-19
Qabs	= -9.063316657e-20
