Cext	= 1.655526584
Qext	= 0.5269704786
Cabs	= -1.542210522e-17
Qabs	= -4.909008559e-18
