Cext	= 0.3328560336
Qext	= 0.1059513662
Cabs	= -4.303639587e-18
Qabs	= -1.369891027e-18
