Cext	= 0.3563876102
Qext	= 0.1134416996
Cabs	= -4.203416026e-18
Qabs	= -1.337988877e-18
