Cext	= 7.473296159
Qext	= 2.37882405
Cabs	= -8.40586965e-17
Qabs	= -2.675671411e-17

Based on radiation forces:
Cext.a	= (0,0,7.473296159)
Csca.g	= (3.384390896e-08,8.883030951e-08,4.492509294)
Cpr	= (-3.384390896e-08,-8.883030951e-08,2.980786864)
Qpr	= (-1.077285081e-08,-2.827556571e-08,0.9488139275)
