Cext	= 0.005550190548
Qext	= 0.001766680522
Cabs	= -5.648416865e-20
Qabs	= -1.797946929e-20
