Cext	= 1.259818744e-10
Qext	= 4.010127612e-11
Cabs	= -3.46089119e-27
Qabs	= -1.101635881e-27
