Cext	= 0.04060056261
Qext	= 0.01469732558
Cabs	= 0
Qabs	= 0
