Cext	= 1.609876208
Qext	= 0.5124395127
Cabs	= -1.532185767e-17
Qabs	= -4.87709877e-18
