Cext	= 1.550806344
Qext	= 0.4936369907
Cabs	= -3.537293195e-17
Qabs	= -1.125955394e-17
