Cext	= 1.342034859
Qext	= 0.4271829632
Cabs	= -1.989190499e-17
Qabs	= -6.331790014e-18
