Cext	= 1.281453991
Qext	= 0.4078994742
Cabs	= -1.865002459e-17
Qabs	= -5.936487204e-18
