Cext	= 5.184128395
Qext	= 1.856054804
Cabs	= 1.46877122e-18
Qabs	= 5.258588661e-19

Based on radiation forces:
Cext.a	= (0,0,5.184128395)
Csca.g	= (2.348993163e-17,-3.28759753e-17,4.690064851)
Cpr	= (-2.348993163e-17,3.28759753e-17,0.4940635435)
Qpr	= (-8.410015555e-18,1.177046694e-17,0.1768877897)
