Cext	= 0.1126735511
Qext	= 0.03586510521
Cabs	= -1.477767474e-18
Qabs	= -4.703879965e-19
