Cext	= 1.506153753
Qext	= 0.4794236296
Cabs	= 5.57591924e-19
Qabs	= 1.774870219e-19
