Cext	= 0.000986767015
Qext	= 0.0003140976962
Cabs	= -1.197279915e-20
Qabs	= -3.811060334e-21
