Cext	= 0.00555021341
Qext	= 0.001766687799
Cabs	= -5.900504298e-20
Qabs	= -1.878188852e-20
