Cext	= 0.004807152125
Qext	= 0.001530164046
Cabs	= -5.905326568e-20
Qabs	= -1.879723828e-20
