Cext	= 0.3563901599
Qext	= 0.1134425112
Cabs	= -4.263466263e-18
Qabs	= -1.357103461e-18
