Cext	= 0.00326828138
Qext	= 0.001040326274
Cabs	= -2.003223424e-21
Qabs	= -6.376458202e-22
