Cext	= 0.08937598121
Qext	= 0.02844925841
Cabs	= -9.96074876e-19
Qabs	= -3.170604804e-19
