Cext	= 7.542125758
Qext	= 2.400733191
Cabs	= 0
Qabs	= 0

Based on radiation forces:
Cext.a	= (0,0,7.542125758)
Csca.g	= (4.344954446e-07,-3.971571093e-07,2.615587991)
Cpr	= (-4.344954446e-07,3.971571093e-07,4.926537767)
Qpr	= (-1.383041955e-07,1.264190343e-07,1.568165676)
