Cext	= 1.207960562
Qext	= 0.3845057889
Cabs	= -1.72828312e-17
Qabs	= -5.501296032e-18
