Cext	= 0.4392902269
Qext	= 0.1398304221
Cabs	= -5.702138966e-18
Qabs	= -1.815047205e-18
