Cext	= 0.03804735838
Qext	= 0.01211085031
Cabs	= -4.151397421e-19
Qabs	= -1.32143084e-19
