Cext	= 0.03404173072
Qext	= 0.01083581943
Cabs	= -4.195115077e-19
Qabs	= -1.335346603e-19
