Cext	= 0.006188036818
Qext	= 0.04924283238
Cabs	= 3.064704972e-22
Qabs	= 2.438814727e-21

Based on radiation forces:
Cext.a	= (0,0,0.006188036818)
Csca.g	= (-6.785632835e-20,-1.742976277e-18,0.001530593579)
Cpr	= (6.785632835e-20,1.742976277e-18,0.004657443239)
Qpr	= (5.399835039e-19,1.387016451e-17,0.03706275568)
