Cext	= 7.420238553
Qext	= 2.361935289
Cabs	= 0
Qabs	= 0

Based on radiation forces:
Cext.a	= (0,0,7.420238553)
Csca.g	= (-6.068311736e-09,-5.434165977e-07,4.413784724)
Cpr	= (6.068311736e-09,5.434165977e-07,3.006453829)
Qpr	= (1.931603618e-09,1.729748754e-07,0.9569839762)
