Cext	= 1.009809667
Qext	= 0.3214324002
Cabs	= -3.292744396e-17
Qabs	= -1.048113094e-17
