Cext	= 1.259824049e-10
Qext	= 4.010144498e-11
Cabs	= -3.460900551e-27
Qabs	= -1.101638861e-27
