Cext	= 7.425925603
Qext	= 2.363745533
Cabs	= -9.913157535e-17
Qabs	= -3.155456047e-17

Based on radiation forces:
Cext.a	= (0,0,7.425925603)
Csca.g	= (6.196502555e-09,5.770453175e-07,4.412459524)
Cpr	= (-6.196502555e-09,-5.770453175e-07,3.013466079)
Qpr	= (-1.972408023e-09,-1.836792293e-07,0.9592160446)
