Cext	= 7.386635842
Qext	= 2.351239214
Cabs	= 1.102117814e-16
Qabs	= 3.508149959e-17

Based on radiation forces:
Cext.a	= (0,0,7.386635842)
Csca.g	= (-2.604830764e-09,7.56063005e-07,4.417419689)
Cpr	= (2.604830764e-09,-7.56063005e-07,2.969216153)
Qpr	= (8.291433842e-10,-2.406623291e-07,0.9451308556)
