Cext	= 0.000573693714
Qext	= 0.0001826123808
Cabs	= -6.916177866e-21
Qabs	= -2.201487789e-21
