Cext	= 6.364130407
Qext	= 2.025765625
Cabs	= -8.352864279e-16
Qabs	= -2.658799278e-16

Based on radiation forces:
Cext.a	= (0,0,6.364130407)
Csca.g	= (1.993268888e-11,-6.310862064e-15,0.0009333284294)
Cpr	= (-1.993268888e-11,6.310862064e-15,6.363197078)
Qpr	= (-6.34477193e-12,2.008809785e-15,2.025468538)
