Cext	= 4.311128311
Qext	= 1.694166373
Cabs	= -1.557802126e-18
Qabs	= -6.121775525e-19

Based on radiation forces:
Cext.a	= (0,0,4.311128311)
Csca.g	= (1.932973997e-17,1.754152614e-17,3.888372659)
Cpr	= (-1.932973997e-17,-1.754152614e-17,0.4227556527)
Qpr	= (-7.596107813e-18,-6.893384183e-18,0.1661324737)
