Cext	= 79.05538355
Qext	= 3.945496334
Cabs	= 0
Qabs	= 0

Based on radiation forces:
Cext.a	= (0,0,79.05538355)
Csca.g	= (4.673569394e-11,-3.813740052e-11,36.59486144)
Cpr	= (-4.673569394e-11,3.813740052e-11,42.46052211)
Qpr	= (-2.332485162e-12,1.903361506e-12,2.119119873)
