Cext	= 213.6461279
Qext	= 4.250354665
Cabs	= 0
Qabs	= 0

Based on radiation forces:
Cext.a	= (0,0,213.6461279)
Csca.g	= (4.779216931e-11,-6.247993234e-12,159.8709418)
Cpr	= (-4.779216931e-11,6.247993234e-12,53.77518603)
Qpr	= (-9.507949983e-13,1.242998759e-13,1.069823334)
