Cext	= 123.146188
Qext	= 3.791149665
Cabs	= 0
Qabs	= 0

Based on radiation forces:
Cext.a	= (0,0,123.146188)
Csca.g	= (7.336469795e-12,-2.110160441e-14,91.31120939)
Cpr	= (-7.336469795e-12,2.110160441e-14,31.83497862)
Qpr	= (-2.258588387e-13,6.496290449e-16,0.9800641863)
