Cext	= 0.1353160833
Qext	= 0.04307244708
Cabs	= 2.955884676e-19
Qabs	= 9.408873147e-20
