Cext	= 0.1123694086
Qext	= 0.03576829368
Cabs	= 3.288595663e-19
Qabs	= 1.046792511e-19
