Cext	= 6.294325033
Qext	= 2.003545885
Cabs	= 2.934752867e-18
Qabs	= 9.34160851e-19

Based on radiation forces:
Cext.a	= (0,0,6.294325033)
Csca.g	= (-2.192690767e-17,-3.951101033e-17,5.73928583)
Cpr	= (2.192690767e-17,3.951101033e-17,0.5550392037)
Qpr	= (6.979551485e-18,1.25767452e-17,0.1766744658)
