Cext	= 8.818405748
Qext	= 4.602428013
Cabs	= 0
Qabs	= 0

Based on radiation forces:
Cext.a	= (0,0,8.818405748)
Csca.g	= (4.500849056e-15,5.293589792e-14,7.303758913)
Cpr	= (-4.500849056e-15,-5.293589792e-14,1.514646835)
Qpr	= (-2.349045209e-15,-2.762785774e-14,0.7905117119)
