Cext	= 1.342042244
Qext	= 0.4271853139
Cabs	= -1.981855944e-17
Qabs	= -6.308443401e-18
