Cext	= 0.1319335892
Qext	= 0.04199576577
Cabs	= -1.491067324e-18
Qabs	= -4.7462147e-19
