Cext	= 0.1203590669
Qext	= 0.03831148089
Cabs	= -1.498001035e-18
Qabs	= -4.768285391e-19
