Cext	= 2.11516786
Qext	= 1.103521128
Cabs	= -2.477450819e-18
Qabs	= -1.292530666e-18

Based on radiation forces:
Cext.a	= (0,0,2.11516786)
Csca.g	= (7.110278798e-18,4.0958612e-17,1.894083178)
Cpr	= (-7.110278798e-18,-4.0958612e-17,0.2210846826)
Qpr	= (-3.709560374e-18,-2.136884479e-17,0.1153438566)
