Cext	= 0.02137246006
Qext	= 0.006803065329
Cabs	= -2.631707187e-19
Qabs	= -8.376984153e-20
