Cext	= 0.9681937625
Qext	= 0.3081856463
Cabs	= -1.359455597e-17
Qabs	= -4.327281564e-18
