Cext	= 1.356921124
Qext	= 0.4319214085
Cabs	= -6.731981371e-19
Qabs	= -2.142856224e-19
