Cext	= 0.1740285072
Qext	= 0.05539499432
Cabs	= -2.181294928e-18
Qabs	= -6.943277403e-19
