Cext	= 7.411065277
Qext	= 2.359015345
Cabs	= 0
Qabs	= 0

Based on radiation forces:
Cext.a	= (0,0,7.411065277)
Csca.g	= (-1.817835963e-08,1.823090972e-09,4.375741412)
Cpr	= (1.817835963e-08,-1.823090972e-09,3.035323864)
Qpr	= (5.786351585e-09,-5.803078799e-10,0.9661735938)
