Cext	= 0.05899863421
Qext	= 0.01877984854
Cabs	= -6.499174444e-19
Qabs	= -2.068751478e-19
