Cext	= 0.05311650243
Qext	= 0.01690750784
Cabs	= -6.557319039e-19
Qabs	= -2.087259477e-19
