Cext	= 48.51705552
Qext	= 3.026736702
Cabs	= 26.01547235
Qabs	= 1.622975346

Based on radiation forces:
Cext.a	= (0,0,48.51705552)
Csca.g	= (-4.816528404e-14,5.702664994e-14,15.05863659)
Cpr	= (4.816528404e-14,-5.702664994e-14,33.45841893)
Qpr	= (3.004791436e-15,-3.557607783e-15,2.087303598)
