Cext	= 0.121370587
Qext	= 0.03863345773
Cabs	= 0
Qabs	= 0
