Cext	= 0.1469648009
Qext	= 0.04678034904
Cabs	= 0
Qabs	= 0
