Cext	= 7.404351859
Qext	= 2.356878398
Cabs	= -5.191861329e-18
Qabs	= -1.652620789e-18

Based on radiation forces:
Cext.a	= (0,0,7.404351859)
Csca.g	= (-4.432563605e-09,5.047148461e-07,4.35845684)
Cpr	= (4.432563605e-09,-5.047148461e-07,3.04589502)
Qpr	= (1.410928817e-09,-1.606557252e-07,0.969538497)
