Cext	= 10.90734345
Qext	= 1.543073446
Cabs	= 0
Qabs	= 0
