Cext	= 10.90734996
Qext	= 1.543074367
Cabs	= 0
Qabs	= 0
