Cext	= 428.416119
Qext	= 3.023338184
Cabs	= -0
Qabs	= -0

Based on radiation forces:
Cext.a	= (0,0,428.416119)
Csca.g	= (0.866086322,1.460539976,245.4978494)
Cpr	= (-0.866086322,-1.460539976,182.9182696)
Qpr	= (-0.00611198256,-0.01030704981,1.290856633)
