Cext	= 0.8813646163
Qext	= 0.2805470707
Cabs	= -4.839219621e-19
Qabs	= -1.540371447e-19
