Cext	= 7.409535827
Qext	= 2.358528506
Cabs	= 4.233404363e-18
Qabs	= 1.347534461e-18
