Cext	= 0.05899842092
Qext	= 0.01877978065
Cabs	= -6.317331888e-19
Qabs	= -2.010869194e-19
