Cext	= 7.431981058
Qext	= 2.365673045
Cabs	= 0
Qabs	= 0

Based on radiation forces:
Cext.a	= (0,0,7.431981058)
Csca.g	= (2.196784299e-09,1.393930058e-06,4.423455286)
Cpr	= (-2.196784299e-09,-1.393930058e-06,3.008525772)
Qpr	= (-6.992581601e-10,-4.437017181e-07,0.957643496)
