Cext	= 0.1893735556
Qext	= 0.06027947494
Cabs	= -2.175700868e-18
Qabs	= -6.925470957e-19
