Cext	= 1.550204632
Qext	= 0.4934454599
Cabs	= 0
Qabs	= 0
