Cext	= 1.735535412
Qext	= 0.5524380795
Cabs	= 0
Qabs	= 0
