Cext	= 0.1237208208
Qext	= 0.4375728931
Cabs	= 0
Qabs	= 0
