Warning: no access to tty (Bad file descriptor).
Thus no job control in this shell.
all data is saved in 'run000_read_g36_m1.185'
box dimensions: 36x36x36
lambda: 1.064   Dipoles/lambda: 19.152
Required relative residual norm: 1e-05
Total number of occupied dipoles: 20479
Memory usage for MatVec matrices: 13.8 MB
Calculating Green's function (Dmatrix)
Fourier transform of Dmatrix......
Initializing FFTW3
Total memory usage: 21.9 MB

here we go, calc Y

CoupleConstant:4.889886668e-06+3.282624792e-09i
Incident beam saved to file
x_0 = E_inc
RE_000 = 8.7294868156E-01
RE_001 = 5.0463227694E-01  + 
RE_002 = 1.5327629112E-01  + 
RE_003 = 5.2656539228E-02  + 
RE_004 = 2.9828067588E-02  + 
RE_005 = 1.2823824121E-02  + 
RE_006 = 6.1209094967E-03  + 
RE_007 = 2.1380905788E-03  + 
RE_008 = 1.4829233956E-03  + 
RE_009 = 6.9119456725E-04  + 
RE_010 = 4.2505239966E-04  + 
RE_011 = 8.1151324827E-05  + 
RE_012 = 5.8459141235E-05  + 
RE_013 = 9.5290687442E-06  + 
Cext	= 5.184128395
Qext	= 1.856054804
Cabs	= 1.46877122e-18
Qabs	= 5.258588661e-19
Calculating the force per dipole
Additional memory usage for radiation forces: 0.5 MB

Based on radiation forces:
Cext.a	= (0,0,5.184128395)
Csca.g	= (2.038450672e-17,2.55224615e-17,4.690064851)
Cpr	= (-2.038450672e-17,-2.55224615e-17,0.4940635435)
Qpr	= (-7.298191467e-18,-9.1377149e-18,0.1768877897)
Radiation forces saved to file
Internal fields saved to file
Dipole polarizations saved to file

here we go, calc X

CoupleConstant:4.889886668e-06+3.282624792e-09i
Incident beam saved to file
x_0 = E_inc
RE_000 = 8.7294868156E-01
RE_001 = 5.0463227694E-01  + 
RE_002 = 1.5327629112E-01  + 
RE_003 = 5.2656539228E-02  + 
RE_004 = 2.9828067588E-02  + 
RE_005 = 1.2823824121E-02  + 
RE_006 = 6.1209094967E-03  + 
RE_007 = 2.1380905788E-03  + 
RE_008 = 1.4829233956E-03  + 
RE_009 = 6.9119456725E-04  + 
RE_010 = 4.2505239966E-04  + 
RE_011 = 8.1151324827E-05  + 
RE_012 = 5.8459141236E-05  + 
RE_013 = 9.5290687442E-06  + 
Cext	= 5.184128395
Qext	= 1.856054804
Cabs	= 1.46877122e-18
Qabs	= 5.258588661e-19
Calculating the force per dipole
Additional memory usage for radiation forces: 0.5 MB

Based on radiation forces:
Cext.a	= (0,0,5.184128395)
Csca.g	= (2.348993163e-17,-3.28759753e-17,4.690064851)
Cpr	= (-2.348993163e-17,3.28759753e-17,0.4940635435)
Qpr	= (-8.410015555e-18,1.177046694e-17,0.1768877897)
Radiation forces saved to file
Internal fields saved to file
Dipole polarizations saved to file
