Cext	= 0.146964601
Qext	= 0.04678028543
Cabs	= 0
Qabs	= 0
