Cext	= 0.1213705974
Qext	= 0.03863346104
Cabs	= 0
Qabs	= 0
