Cext	= 0.4392898904
Qext	= 0.139830315
Cabs	= -5.702133459e-18
Qabs	= -1.815045452e-18
