Cext	= 0.4662537731
Qext	= 0.1484131855
Cabs	= -5.711989536e-18
Qabs	= -1.818182739e-18
