Cext	= 7.40400429
Qext	= 2.356767763
Cabs	= -9.366676333e-18
Qabs	= -2.981505677e-18

Based on radiation forces:
Cext.a	= (0,0,7.40400429)
Csca.g	= (8.090686384e-10,-2.030490057e-07,4.357401507)
Cpr	= (-8.090686384e-10,2.030490057e-07,3.046602783)
Qpr	= (-2.575345462e-10,6.463250589e-08,0.969763785)
