Cext	= 0.166214392
Qext	= 0.08674921471
Cabs	= 0
Qabs	= 0
