Cext	= 0.1661399643
Qext	= 0.08671037004
Cabs	= 0
Qabs	= 0
