Cext	= 7.423212873
Qext	= 2.362882045
Cabs	= -1.656511448e-17
Qabs	= -5.272839704e-18

Based on radiation forces:
Cext.a	= (0,0,7.423212873)
Csca.g	= (-2.327477581e-08,9.006475129e-07,4.379463014)
Cpr	= (2.327477581e-08,-9.006475129e-07,3.043749859)
Qpr	= (7.40859124e-09,-2.866850073e-07,0.9688556711)
