Cext	= 0.2740232423
Qext	= 0.08722430706
Cabs	= -4.799365565e-19
Qabs	= -1.527685507e-19
