Cext	= 4.232505889
Qext	= 1.347248468
Cabs	= -2.209185379e-18
Qabs	= -7.032055466e-19
