Cext	= 0.2443846359
Qext	= 0.07779004565
Cabs	= -3.091775806e-18
Qabs	= -9.841428048e-19
