Cext	= 0.2638546559
Qext	= 0.08398754548
Cabs	= -3.089471118e-18
Qabs	= -9.834092e-19
