Cext	= 0.00555021403
Qext	= 0.001766687996
Cabs	= -5.900506023e-20
Qabs	= -1.878189401e-20
