Cext	= 7.40125535
Qext	= 2.355892748
Cabs	= 0
Qabs	= 0

Based on radiation forces:
Cext.a	= (0,0,7.40125535)
Csca.g	= (3.096545341e-10,-9.39325903e-08,4.34812082)
Cpr	= (-3.096545341e-10,9.39325903e-08,3.05313453)
Qpr	= (-9.856609951e-11,2.989967213e-08,0.9718429048)
