Cext	= 0.1353161848
Qext	= 0.04307247938
Cabs	= 2.95588476e-19
Qabs	= 9.408873414e-20
