Cext	= 0.1123694154
Qext	= 0.03576829582
Cabs	= 3.288596204e-19
Qabs	= 1.046792684e-19
