Cext	= 1.609877185
Qext	= 0.5124398237
Cabs	= -1.532186527e-17
Qabs	= -4.877101191e-18
