Cext	= 7.396729811
Qext	= 2.354452224
Cabs	= 1.927127261e-18
Qabs	= 6.13423659e-19

Based on radiation forces:
Cext.a	= (0,0,7.396729811)
Csca.g	= (-7.705804601e-09,-5.554264728e-08,4.343587194)
Cpr	= (7.705804601e-09,5.554264728e-08,3.053142617)
Qpr	= (2.452833786e-09,1.767977373e-08,0.9718454789)
