Cext	= 2.145273411
Qext	= 0.6828617353
Cabs	= 4.455552782e-17
Qabs	= 1.418246499e-17
