Cext	= 10.90769463
Qext	= 1.543123128
Cabs	= 0
Qabs	= 0
