Cext	= 0.0001305566845
Qext	= 0.00415574834
Cabs	= 2.176091518e-24
Qabs	= 6.926714435e-23

Based on radiation forces:
Cext.a	= (0,0,0.0001305566845)
Csca.g	= (3.708814025e-20,-1.353800276e-19,7.820959811e-06)
Cpr	= (-3.708814025e-20,1.353800276e-19,0.0001227357247)
Qpr	= (-1.18055217e-18,4.309280119e-18,0.003906799457)
