Cext	= 167.6156435
Qext	= 3.791149635
Cabs	= -7.028094154e-16
Qabs	= -1.589622307e-17

Based on radiation forces:
Cext.a	= (0,0,167.6156435)
Csca.g	= (4.526677812e-11,6.539753434e-14,124.284699)
Cpr	= (-4.526677812e-11,-6.539753434e-14,43.33094449)
Qpr	= (-1.023849122e-12,-1.479168849e-15,0.9800642171)
