Cext	= 211.1880306
Qext	= 4.201452375
Cabs	= 1.886069669e-16
Qabs	= 3.752216385e-18

Based on radiation forces:
Cext.a	= (0,0,211.1880306)
Csca.g	= (-9.85950449e-11,-3.051884936e-14,160.3774927)
Cpr	= (9.85950449e-11,3.051884936e-14,50.8105379)
Qpr	= (1.961486095e-12,6.071532166e-16,1.010843533)
