Cext	= 0.04612718301
Qext	= 0.02488913143
Cabs	= 0
Qabs	= 0
