Cext	= 0.04585450897
Qext	= 0.024742003
Cabs	= 0
Qabs	= 0
