Cext	= 0.8876359864
Qext	= 0.7848425272
Cabs	= 1.324850956e-19
Qabs	= 1.171425436e-19

Based on radiation forces:
Cext.a	= (0,0,0.8876359864)
Csca.g	= (3.299680281e-18,1.70306079e-18,0.7460302228)
Cpr	= (-3.299680281e-18,-1.70306079e-18,0.1416057636)
Qpr	= (-2.917557929e-18,-1.505836351e-18,0.1252069847)
