Cext	= 0.00129535618
Qext	= 0.0006989434017
Cabs	= 0
Qabs	= 0
