Cext	= 0.001302354152
Qext	= 0.0007027193412
Cabs	= 0
Qabs	= 0
