Cext	= 0.7242974177
Qext	= 0.2305510286
Cabs	= -9.355248123e-18
Qabs	= -2.977867965e-18
