Cext	= 7.404351932
Qext	= 2.356878421
Cabs	= -5.19186231e-18
Qabs	= -1.652621101e-18

Based on radiation forces:
Cext.a	= (0,0,7.404351932)
Csca.g	= (-2.863345104e-09,9.409938222e-08,4.358457625)
Cpr	= (2.863345104e-09,-9.409938222e-08,3.045894307)
Qpr	= (9.114310541e-10,-2.995276365e-08,0.9695382702)
