Cext	= 0.6949027137
Qext	= 0.2211944037
Cabs	= -9.331326761e-18
Qabs	= -2.970253559e-18
