Cext	= 0.7242975403
Qext	= 0.2305510676
Cabs	= -9.355243435e-18
Qabs	= -2.977866473e-18
