Cext	= 7.431981365
Qext	= 2.365673142
Cabs	= 0
Qabs	= 0

Based on radiation forces:
Cext.a	= (0,0,7.431981365)
Csca.g	= (4.457656742e-09,-7.463166602e-07,4.423456368)
Cpr	= (-4.457656742e-09,7.463166602e-07,3.008524997)
Qpr	= (-1.41891621e-09,2.375599712e-07,0.9576432495)
