Cext	= 0.001685058771
Qext	= 0.0005363708657
Cabs	= -2.055951177e-20
Qabs	= -6.544295852e-21
