Cext	= 7.420238125
Qext	= 2.361935153
Cabs	= 0
Qabs	= 0

Based on radiation forces:
Cext.a	= (0,0,7.420238125)
Csca.g	= (-1.406617229e-08,-4.480063308e-07,4.413785681)
Cpr	= (1.406617229e-08,4.480063308e-07,3.006452444)
Qpr	= (4.4774017e-09,1.426048442e-07,0.9569835352)
