Cext	= 1.275922302
Qext	= 0.4061386827
Cabs	= -1.864126072e-17
Qabs	= -5.933697578e-18
