Cext	= 1.281453605
Qext	= 0.4078993512
Cabs	= -1.865000052e-17
Qabs	= -5.936479542e-18
