Cext	= 0.8605727961
Qext	= 0.2739288288
Cabs	= -1.14280729e-17
Qabs	= -3.637668584e-18
