Cext	= 6.11773563e-05
Qext	= 1.947335732e-05
Cabs	= 0
Qabs	= 0
