Cext	= 7.627398007e-05
Qext	= 2.427876192e-05
Cabs	= 0
Qabs	= 0
