Cext	= 0.0003306701046
Qext	= 0.0001052555634
Cabs	= -4.094752723e-21
Qabs	= -1.303400273e-21
