Cext	= 2.677145528e-13
Qext	= 8.521618883e-14
Cabs	= -7.856125186e-30
Qabs	= -2.500682314e-30
