Cext	= 0.0004202338708
Qext	= 0.0001337645956
Cabs	= -4.107440742e-21
Qabs	= -1.307438995e-21
