Cext	= 0.007310488192
Qext	= 0.002327000664
Cabs	= -9.763428906e-20
Qabs	= -3.107795944e-20
