Cext	= 0.0005736936764
Qext	= 0.0001826123688
Cabs	= -6.916173103e-21
Qabs	= -2.201486273e-21
