Cext	= 0.0007114699345
Qext	= 0.0002264679139
Cabs	= -7.295590561e-21
Qabs	= -2.322258601e-21
