Cext	= 1.683463603
Qext	= 0.5358631077
Cabs	= 4.517363858e-18
Qabs	= 1.437921576e-18
