Cext	= 1.562711383
Qext	= 0.4974264825
Cabs	= 4.37631188e-18
Qabs	= 1.393023336e-18
