Cext	= 0.3328560766
Qext	= 0.1059513798
Cabs	= -4.26051928e-18
Qabs	= -1.356165407e-18
