Cext	= 0.3563901854
Qext	= 0.1134425193
Cabs	= -4.263469996e-18
Qabs	= -1.357104649e-18
