Cext	= 0.01144203499
Qext	= 0.005971730474
Cabs	= 0
Qabs	= 0
