Cext	= 0.01128933167
Qext	= 0.005892032847
Cabs	= 0
Qabs	= 0
