Cext	= 7.397891053
Qext	= 2.354821859
Cabs	= 2.665295622e-18
Qabs	= 8.483899462e-19

Based on radiation forces:
Cext.a	= (0,0,7.397891053)
Csca.g	= (1.550775137e-08,-3.446992884e-07,4.342948008)
Cpr	= (-1.550775137e-08,3.446992884e-07,3.054943045)
Qpr	= (-4.936270574e-09,1.097211913e-07,0.9724185729)
