Cext	= 1.275922024
Qext	= 0.4061385942
Cabs	= -1.864127214e-17
Qabs	= -5.933701212e-18
