Cext	= 6.763331103
Qext	= 3.562280574
Cabs	= 0
Qabs	= 0

Based on radiation forces:
Cext.a	= (0,0,6.763331103)
Csca.g	= (0.004276504335,-0.001241295389,4.110909417)
Cpr	= (-0.004276504335,0.001241295389,2.652421686)
Qpr	= (-0.002252456384,0.0006537965366,1.397043868)
