Cext	= 0.001196705449
Qext	= 0.0003809231752
Cabs	= -1.241426407e-20
Qabs	= -3.951582982e-21
