Cext	= 1.342040741
Qext	= 0.4271848357
Cabs	= -1.981851217e-17
Qabs	= -6.308428353e-18
