Cext	= 0.01318137893
Qext	= 0.004195763226
Cabs	= -1.622447815e-19
Qabs	= -5.164411793e-20
