Cext	= 0.01493264213
Qext	= 0.004753207616
Cabs	= -1.606188035e-19
Qabs	= -5.112655308e-20
