Cext	= 6.294325031
Qext	= 2.003545884
Cabs	= -2.934752865e-18
Qabs	= -9.341608505e-19

Based on radiation forces:
Cext.a	= (0,0,6.294325031)
Csca.g	= (-8.813339588e-17,3.065509422e-18,5.739285828)
Cpr	= (8.813339588e-17,-3.065509422e-18,0.5550392035)
Qpr	= (2.805373121e-17,-9.757819552e-19,0.1766744657)
