Cext	= 1.091930496
Qext	= 0.3475722719
Cabs	= -1.550697766e-17
Qabs	= -4.936024294e-18
