Cext	= 1.109635324
Qext	= 0.3532078936
Cabs	= -1.553099523e-17
Qabs	= -4.943669324e-18
