Cext	= 0.005550191789
Qext	= 0.001766680917
Cabs	= -5.648413313e-20
Qabs	= -1.797945799e-20
