Cext	= 0.004807131556
Qext	= 0.001530157499
Cabs	= -5.928626248e-20
Qabs	= -1.887140346e-20
