Cext	= 3.785629695e-10
Qext	= 1.205003357e-10
Cabs	= -6.29950986e-27
Qabs	= -2.005196266e-27
