Cext	= 142.329405
Qext	= 2.152324084
Cabs	= 0
Qabs	= 0

Based on radiation forces:
Cext.a	= (0,0,142.329405)
Csca.g	= (2.836130993e-08,-1.789625326e-12,110.5873244)
Cpr	= (-2.836130993e-08,1.789625326e-12,31.7420806)
Qpr	= (-4.288834791e-10,2.706295084e-14,0.4800079402)
