Cext	= 0.8288376
Qext	= 0.2638272021
Cabs	= -7.706999232e-18
Qabs	= -2.453214048e-18
