Cext	= 0.7707149042
Qext	= 0.2453261734
Cabs	= -6.660713819e-18
Qabs	= -2.120171058e-18
