Cext	= 0.0809819982
Qext	= 0.02577737063
Cabs	= -1.002915818e-18
Qabs	= -3.192380198e-19
