Cext	= 0.02137245871
Qext	= 0.006803064899
Cabs	= -2.63170705e-19
Qabs	= -8.376983717e-20
