Cext	= 0.02404067097
Qext	= 0.007652383242
Cabs	= -2.602744886e-19
Qabs	= -8.284794283e-20
