Cext	= 1.207960657
Qext	= 0.3845058191
Cabs	= -1.728282765e-17
Qabs	= -5.501294904e-18
