Cext	= 1.196616124
Qext	= 0.3808947421
Cabs	= -1.726595095e-17
Qabs	= -5.495922882e-18
