Cext	= 1.644848346
Qext	= 1.068513244
Cabs	= 3.376969416e-19
Qabs	= 2.193719899e-19

Based on radiation forces:
Cext.a	= (0,0,1.644848346)
Csca.g	= (4.257651975e-19,3.235815501e-18,1.422043695)
Cpr	= (-4.257651975e-19,-3.235815501e-18,0.2228046507)
Qpr	= (-2.765821869e-19,-2.10202462e-18,0.1447365775)
