Cext	= 0.2638543994
Qext	= 0.08398746384
Cabs	= -3.089471163e-18
Qabs	= -9.834092142e-19
