Cext	= 0.157814547
Qext	= 0.3139620656
Cabs	= 2.229196461e-20
Qabs	= 4.434845448e-20

Based on radiation forces:
Cext.a	= (0,0,0.157814547)
Csca.g	= (-7.238008358e-19,-7.493467476e-18,0.1143988226)
Cpr	= (7.238008358e-19,7.493467476e-18,0.04341572444)
Qpr	= (1.43995601e-18,1.490777987e-17,0.0863728394)
