Warning: no access to tty (Bad file descriptor).
Thus no job control in this shell.
all data is saved in 'run000_sphere_g30_m1.5'
box dimensions: 30x30x30
lambda: 1   Dipoles/lambda: 15.0672
Required relative residual norm: 1e-05
Total number of occupied dipoles: 14328
Memory usage for MatVec matrices: 8.1 MB
Calculating Green's function (Dmatrix)
Fourier transform of Dmatrix......
Initializing FFTW3
Total memory usage: 13.8 MB

here we go, calc Y

CoupleConstant:2.091557528e-05+7.234244286e-08i
Incident beam saved to file
x_0 = 0
RE_000 = 1.0000000000E+00
RE_001 = 7.9057444204E-01  + 
RE_002 = 7.7492022710E-01  + 
RE_003 = 4.9774767084E-01  + 
RE_004 = 4.5019737424E-01  + 
RE_005 = 3.4718286116E-01  + 
RE_006 = 3.0515557764E-01  + 
RE_007 = 3.0195153058E-01  + 
RE_008 = 2.9783663054E-01  + 
RE_009 = 2.7959205318E-01  + 
RE_010 = 2.6353703899E-01  + 
RE_011 = 2.6362145207E-01  - 
RE_012 = 2.6572251110E-01  - 
RE_013 = 2.6478614668E-01  -+
RE_014 = 2.6562721948E-01  - 
RE_015 = 2.3538711377E-01  + 
RE_016 = 2.1425005853E-01  + 
RE_017 = 1.8659301588E-01  + 
RE_018 = 1.6671012556E-01  + 
RE_019 = 1.5665592721E-01  + 
RE_020 = 1.4450405191E-01  + 
RE_021 = 1.4365847597E-01  + 
RE_022 = 8.5228734173E-02  + 
RE_023 = 6.8346069185E-02  + 
RE_024 = 5.4131185150E-02  + 
RE_025 = 4.4097793952E-02  + 
RE_026 = 3.7891294507E-02  + 
RE_027 = 2.9603481021E-02  + 
RE_028 = 2.7348795582E-02  + 
RE_029 = 2.5320843948E-02  + 
RE_030 = 2.2289955133E-02  + 
RE_031 = 1.6498226433E-02  + 
RE_032 = 1.6915370665E-02  - 
RE_033 = 1.6122215091E-02  + 
RE_034 = 1.5129270508E-02  + 
RE_035 = 1.2646355949E-02  + 
RE_036 = 1.1145011089E-02  + 
RE_037 = 9.2813020449E-03  + 
RE_038 = 6.4045066956E-03  + 
RE_039 = 6.8477224490E-03  - 
RE_040 = 5.1603867403E-03  + 
RE_041 = 3.3337934221E-03  + 
RE_042 = 3.3391411113E-03  - 
RE_043 = 3.0852642197E-03  + 
RE_044 = 2.9084130592E-03  + 
RE_045 = 1.9962982864E-03  + 
RE_046 = 1.7863300035E-03  + 
RE_047 = 1.6189816422E-03  + 
RE_048 = 7.8394778388E-04  + 
RE_049 = 5.6476689069E-04  + 
RE_050 = 3.3449030340E-04  + 
RE_051 = 3.2612759759E-04  + 
RE_052 = 2.6067774787E-04  + 
RE_053 = 2.1892416120E-04  + 
RE_054 = 1.4393467145E-04  + 
RE_055 = 1.2233102867E-04  + 
RE_056 = 1.2851337821E-04  - 
RE_057 = 1.2334166164E-04  -+
RE_058 = 1.1157154432E-04  + 
RE_059 = 1.1104205893E-04  + 
RE_060 = 1.0776791938E-04  + 
RE_061 = 1.0276285625E-04  + 
RE_062 = 9.5888777263E-05  + 
RE_063 = 6.6449097095E-05  + 
RE_064 = 5.7411698742E-05  + 
RE_065 = 4.8675256754E-05  + 
RE_066 = 3.9600149789E-05  + 
RE_067 = 2.4952103782E-05  + 
RE_068 = 1.9033854683E-05  + 
RE_069 = 2.1557280331E-05  - 
RE_070 = 1.8184772366E-05  + 
RE_071 = 1.6630907757E-05  + 
RE_072 = 1.4530467364E-05  + 
RE_073 = 9.2708505636E-06  + 
Cext	= 0.007310488192
Qext	= 0.002327000664
Cabs	= -9.763428906e-20
Qabs	= -3.107795944e-20
Internal fields saved to file
Dipole polarizations saved to file
Processing dpl: 15
../src/seq/adda -size 2 -dpl 15 -lambda 1 -prop 0 0 1 -beam barton5 1 0 0 -100 -store_beam -store_dip_pol -store_int_field
