Cext	= 7.409536352
Qext	= 2.358528673
Cabs	= 4.233405888e-18
Qabs	= 1.347534946e-18

Based on radiation forces:
Cext.a	= (0,0,7.409536352)
Csca.g	= (-1.846424644e-08,1.347570514e-07,4.365153859)
Cpr	= (1.846424644e-08,-1.347570514e-07,3.044382492)
Qpr	= (5.877352183e-09,-4.289450171e-08,0.9690570446)
