Cext	= 7.408426538
Qext	= 2.358175408
Cabs	= -5.786201794e-18
Qabs	= -1.841805234e-18

Based on radiation forces:
Cext.a	= (0,0,7.408426538)
Csca.g	= (2.115092494e-08,1.923200716e-08,4.359524206)
Cpr	= (-2.115092494e-08,-1.923200716e-08,3.048902332)
Qpr	= (-6.732548511e-09,-6.121738009e-09,0.9704957542)
