Cext	= 7.409535827
Qext	= 2.358528506
Cabs	= 4.233404363e-18
Qabs	= 1.347534461e-18

Based on radiation forces:
Cext.a	= (0,0,7.409535827)
Csca.g	= (1.752551447e-08,1.420356148e-07,4.365152762)
Cpr	= (-1.752551447e-08,-1.420356148e-07,3.044383064)
Qpr	= (-5.578544517e-09,-4.521134037e-08,0.9690572267)
