Cext	= 7.415887233
Qext	= 2.360550221
Cabs	= -2.439525127e-17
Qabs	= -7.765249654e-18

Based on radiation forces:
Cext.a	= (0,0,7.415887233)
Csca.g	= (1.905692511e-08,8.055450936e-08,4.394602958)
Cpr	= (-1.905692511e-08,-8.055450936e-08,3.021284276)
Qpr	= (-6.066007661e-09,-2.56412967e-08,0.9617046539)
