Cext	= 0.5905768923
Qext	= 0.1879864634
Cabs	= -7.423710493e-18
Qabs	= -2.363040442e-18
