Cext	= 0.5614653275
Qext	= 0.1787199645
Cabs	= -7.406379496e-18
Qabs	= -2.357523814e-18
