Cext	= 6.393481874
Qext	= 2.035108488
Cabs	= 0
Qabs	= 0

Based on radiation forces:
Cext.a	= (0,0,6.393481874)
Csca.g	= (-6.258748403e-17,8.004385713e-17,5.827603094)
Cpr	= (6.258748403e-17,-8.004385713e-17,0.5658787797)
Qpr	= (1.992221492e-17,-2.547875105e-17,0.18012481)
