Cext	= 0.9681964978
Qext	= 0.308186517
Cabs	= -1.350336013e-17
Qabs	= -4.298253027e-18
