Cext	= 3.785625726e-10
Qext	= 1.205002094e-10
Cabs	= -6.299514529e-27
Qabs	= -2.005197753e-27
