Cext	= 6.305252033e-05
Qext	= 2.007024057e-05
Cabs	= -8.619235522e-22
Qabs	= -2.743587878e-22
