Cext	= 7.243850505
Qext	= 2.30578923
Cabs	= -6.302324688e-16
Qabs	= -2.006092254e-16

Based on radiation forces:
Cext.a	= (0,0,7.243850505)
Csca.g	= (9.069734829e-09,1.889281048e-06,4.364747822)
Cpr	= (-9.069734829e-09,-1.889281048e-06,2.879102683)
Qpr	= (-2.886986261e-09,-6.013768352e-07,0.9164468472)
