Cext	= 1.571809549
Qext	= 0.5003225186
Cabs	= -1.991279631e-17
Qabs	= -6.338439927e-18
