Cext	= 0.9915908262
Qext	= 0.315633163
Cabs	= -1.351264603e-17
Qabs	= -4.301208819e-18
