Cext	= 1.701470126
Qext	= 0.5415947621
Cabs	= -2.041863644e-17
Qabs	= -6.499453842e-18
