Cext	= 0.03502600101
Qext	= 0.01828047527
Cabs	= 0
Qabs	= 0
