Cext	= 0.03537086836
Qext	= 0.01846046553
Cabs	= 0
Qabs	= 0
