Cext	= 1.55520297
Qext	= 0.4950364804
Cabs	= 7.734458868e-18
Qabs	= 2.461954722e-18
