Cext	= 0.2686117438
Qext	= 0.0855017736
Cabs	= 2.060354525e-19
Qabs	= 6.558312144e-20
