Cext	= 7.412184244
Qext	= 2.359371523
Cabs	= -1.009520507e-16
Qabs	= -3.213403578e-17

Based on radiation forces:
Cext.a	= (0,0,7.412184244)
Csca.g	= (-1.819995092e-08,-4.590333808e-07,4.416519593)
Cpr	= (1.819995092e-08,4.590333808e-07,2.995664651)
Qpr	= (5.793224307e-09,1.461148632e-07,0.9535496741)
