Cext	= 0.6964584809
Qext	= 0.2216896198
Cabs	= 2.722391177e-19
Qabs	= 8.665640258e-20
