Cext	= 7.408426584
Qext	= 2.358175423
Cabs	= -5.786202212e-18
Qabs	= -1.841805368e-18

Based on radiation forces:
Cext.a	= (0,0,7.408426584)
Csca.g	= (1.71507486e-08,-3.950901527e-08,4.359524341)
Cpr	= (-1.71507486e-08,3.950901527e-08,3.048902243)
Qpr	= (-5.459252835e-09,1.257611015e-08,0.9704957259)
