Cext	= 0.5614657001
Qext	= 0.1787200831
Cabs	= -7.406370103e-18
Qabs	= -2.357520824e-18
