Cext	= 0.5905768767
Qext	= 0.1879864584
Cabs	= -7.423735212e-18
Qabs	= -2.36304831e-18
