Cext	= 0.05311684614
Qext	= 0.01690761725
Cabs	= -6.610155776e-19
Qabs	= -2.104077933e-19
