Cext	= 7.436898562
Qext	= 2.367238335
Cabs	= -1.943405081e-17
Qabs	= -6.186050501e-18

Based on radiation forces:
Cext.a	= (0,0,7.436898562)
Csca.g	= (-1.548214884e-08,1.323204621e-06,4.420320476)
Cpr	= (1.548214884e-08,-1.323204621e-06,3.016578086)
Qpr	= (4.928121036e-09,-4.211891123e-07,0.9602066271)
