Cext	= 7.425929694
Qext	= 2.363746836
Cabs	= -9.91314409e-17
Qabs	= -3.155451767e-17

Based on radiation forces:
Cext.a	= (0,0,7.425929694)
Csca.g	= (-4.802302701e-08,6.815558805e-07,4.41245933)
Cpr	= (4.802302701e-08,-6.815558805e-07,3.013470363)
Qpr	= (1.528620426e-08,-2.169459747e-07,0.9592174083)
