Cext	= 0.770715
Qext	= 0.2453262039
Cabs	= -6.660717162e-18
Qabs	= -2.120172122e-18
