Cext	= 0.8288363016
Qext	= 0.2638267888
Cabs	= -7.706999906e-18
Qabs	= -2.453214263e-18
