Cext	= 1.571808684
Qext	= 0.5003222432
Cabs	= -1.991281344e-17
Qabs	= -6.33844538e-18
