Cext	= 7.403645086
Qext	= 2.356653425
Cabs	= -1.651978668e-17
Qabs	= -5.258411419e-18

Based on radiation forces:
Cext.a	= (0,0,7.403645086)
Csca.g	= (1.085239565e-08,-4.314503615e-08,4.355979825)
Cpr	= (-1.085239565e-08,4.314503615e-08,3.047665261)
Qpr	= (-3.454424824e-09,1.373349155e-08,0.9701019825)
