Cext	= 2.267066956
Qext	= 1.223255437
Cabs	= 1.18148804e-18
Qabs	= 6.375028602e-19

Based on radiation forces:
Cext.a	= (0,0,2.267066956)
Csca.g	= (-0.001629229712,-0.0002718288071,1.940278351)
Cpr	= (0.001629229712,0.0002718288071,0.3267886047)
Qpr	= (0.0008790936227,0.0001466723624,0.1763273627)
