Cext	= 2.256559106
Qext	= 1.217585651
Cabs	= 1.177288826e-18
Qabs	= 6.352370642e-19

Based on radiation forces:
Cext.a	= (0,0,2.256559106)
Csca.g	= (-0.0007407711605,0.0001740850112,1.932499978)
Cpr	= (0.0007407711605,-0.0001740850112,0.3240591287)
Qpr	= (0.0003997025087,-9.393213372e-05,0.1748546024)
