Cext	= 0.3563874953
Qext	= 0.1134416631
Cabs	= -4.203416356e-18
Qabs	= -1.337988982e-18
