Cext	= 0.3328560026
Qext	= 0.1059513563
Cabs	= -4.303640689e-18
Qabs	= -1.369891378e-18
