Cext	= 0.1126740928
Qext	= 0.03586527764
Cabs	= -1.477776126e-18
Qabs	= -4.703907506e-19
