Cext	= 7.684817085
Qext	= 2.291869202
Cabs	= 0
Qabs	= 0

Based on radiation forces:
Cext.a	= (0,0,7.684817085)
Csca.g	= (0.2211835065,-7.793403249e-11,4.703495086)
Cpr	= (-0.2211835065,7.793403249e-11,2.981322)
Qpr	= (-0.0659643113,2.324253224e-11,0.8891298252)
