Cext	= 7.636861833
Qext	= 2.277567343
Cabs	= 0
Qabs	= 0

Based on radiation forces:
Cext.a	= (0,0,7.636861833)
Csca.g	= (-0.2025579652,1.305226459e-09,4.682562465)
Cpr	= (0.2025579652,-1.305226459e-09,2.954299368)
Qpr	= (0.06040955261,-3.892621373e-10,0.8810707735)
