Cext	= 0.01318138215
Qext	= 0.00419576425
Cabs	= -1.622448494e-19
Qabs	= -5.164413955e-20
