Cext	= 0.01493263243
Qext	= 0.00475320453
Cabs	= -1.60618692e-19
Qabs	= -5.112651756e-20
