Cext	= 5.033886266e-05
Qext	= 1.602335765e-05
Cabs	= -1.271280265e-21
Qabs	= -4.046610764e-22
