Cext	= 0.05311683244
Qext	= 0.01690761289
Cabs	= -6.610154433e-19
Qabs	= -2.104077505e-19
