Cext	= 6.305244957e-05
Qext	= 2.007021805e-05
Cabs	= -8.619253634e-22
Qabs	= -2.743593643e-22
