Cext	= 1.550204242
Qext	= 0.4934453357
Cabs	= 0
Qabs	= 0
