Cext	= 1.735536838
Qext	= 0.5524385334
Cabs	= 0
Qabs	= 0
