Cext	= 7.368395156
Qext	= 2.345433024
Cabs	= 0
Qabs	= 0

Based on radiation forces:
Cext.a	= (0,0,7.368395156)
Csca.g	= (1.414937843e-08,-5.258027364e-07,4.372149253)
Cpr	= (-1.414937843e-08,5.258027364e-07,2.996245903)
Qpr	= (-4.503887037e-09,1.673682092e-07,0.9537346925)
