Cext	= 0.004807152
Qext	= 0.001530164006
Cabs	= -5.905327939e-20
Qabs	= -1.879724264e-20
