Cext	= 0.002004010242
Qext	= 0.000637896272
Cabs	= -2.099398066e-20
Qabs	= -6.682591594e-21
