Cext	= 0.001685065167
Qext	= 0.0005363729014
Cabs	= -2.055950595e-20
Qabs	= -6.544293998e-21
