Cext	= 7.214010043
Qext	= 2.296290716
Cabs	= 1.549503985e-15
Qabs	= 4.932224372e-16

Based on radiation forces:
Cext.a	= (0,0,7.214010043)
Csca.g	= (-1.042626027e-07,-2.629430167e-07,4.234037161)
Cpr	= (1.042626027e-07,2.629430167e-07,2.979972882)
Qpr	= (3.318781721e-08,8.369736171e-08,0.948554829)
