Cext	= 0.9915980175
Qext	= 0.3156354521
Cabs	= -1.353142027e-17
Qabs	= -4.307184846e-18
