Cext	= 0.9681955877
Qext	= 0.3081862273
Cabs	= -1.350337746e-17
Qabs	= -4.298258541e-18
