Cext	= 0.003308539936
Qext	= 0.0065547255
Cabs	= -3.512481295e-023
Qabs	= -6.958764639e-023

Based on radiation forces:
Cext.a	= (0,0,0.003308539936)
Csca.g	= (3.808551706e-008,-1.001324949e-006,0.0001088721542)
Cpr	= (-3.808551706e-008,1.001324949e-006,0.003199667782)
Qpr	= (-7.545325572e-008,1.983778436e-006,0.00633903305)
