Cext	= 7.400922891
Qext	= 2.355786923
Cabs	= 2.907595639e-18
Qabs	= 9.25516437e-19

Based on radiation forces:
Cext.a	= (0,0,7.400922891)
Csca.g	= (2.719097993e-08,3.344351686e-07,4.345584618)
Cpr	= (-2.719097993e-08,-3.344351686e-07,3.055338273)
Qpr	= (-8.655157727e-09,-1.064540204e-07,0.9725443781)
