Cext	= 3.761420953e-10
Qext	= 1.197297475e-10
Cabs	= 1.414388773e-27
Qabs	= 4.502139294e-28
