Cext	= 1.241413364e-10
Qext	= 3.951541465e-11
Cabs	= 7.491362873e-28
Qabs	= 2.384574863e-28
