Cext	= 1.5227838
Qext	= 0.7947584878
Cabs	= 9.819246742e-19
Qabs	= 5.124778509e-19

Based on radiation forces:
Cext.a	= (0,0,1.5227838)
Csca.g	= (-7.919232674e-18,-2.443892234e-17,1.33044322)
Cpr	= (7.919232674e-18,2.443892234e-17,0.1923405802)
Qpr	= (4.133139179e-18,1.275495639e-17,0.1003847747)
