Cext	= 1.5227838
Qext	= 0.7947584878
Cabs	= 9.819246742e-19
Qabs	= 5.124778509e-19

Based on radiation forces:
Cext.a	= (0,0,1.5227838)
Csca.g	= (1.092087732e-17,1.214495226e-17,1.33044322)
Cpr	= (-1.092087732e-17,-1.214495226e-17,0.1923405802)
Qpr	= (-5.699732255e-18,-6.338591134e-18,0.1003847747)
