Cext	= 1.196615902
Qext	= 0.3808946716
Cabs	= -1.726594482e-17
Qabs	= -5.495920932e-18
