Cext	= 237.3983669
Qext	= 4.371559662
Cabs	= 0
Qabs	= 0

Based on radiation forces:
Cext.a	= (0,0,237.3983669)
Csca.g	= (7.560336755e-10,4.575647486e-14,190.5408418)
Cpr	= (-7.560336755e-10,-4.575647486e-14,46.85752508)
Qpr	= (-1.39219421e-11,-8.425801845e-16,0.8628554157)
