Cext	= 0.3567379313
Qext	= 0.1135532103
Cabs	= -2.640650146e-19
Qabs	= -8.405450473e-20
