Cext	= 0.001196706196
Qext	= 0.000380923413
Cabs	= -1.24142546e-20
Qabs	= -3.95157997e-21
