Cext	= 0.0009867671145
Qext	= 0.0003140977279
Cabs	= -1.197279532e-20
Qabs	= -3.811059116e-21
