Cext	= 1.342034861
Qext	= 0.4271829639
Cabs	= -1.989191007e-17
Qabs	= -6.331791631e-18
