Cext	= 1.326754834
Qext	= 0.4223191803
Cabs	= -1.951994405e-17
Qabs	= -6.21339117e-18
