Cext	= 3.761418016e-10
Qext	= 1.197296541e-10
Cabs	= 1.414390301e-27
Qabs	= 4.502144158e-28
