Cext	= 1.24141212e-10
Qext	= 3.951537505e-11
Cabs	= 7.491365423e-28
Qabs	= 2.384575675e-28
