Cext	= 0.002857402834
Qext	= 0.0009095395708
Cabs	= -3.500891938e-20
Qabs	= -1.114368514e-20
