Cext	= 0.00334307485
Qext	= 0.001064133775
Cabs	= -3.530514778e-20
Qabs	= -1.123797757e-20
