Cext	= 5.033898923e-05
Qext	= 1.602339793e-05
Cabs	= -1.271278598e-21
Qabs	= -4.04660546e-22
