Cext	= 0.05899841434
Qext	= 0.01877977855
Cabs	= -6.317337106e-19
Qabs	= -2.010870855e-19
