Cext	= 0.04156662131
Qext	= 0.01488194761
Cabs	= 1.168018059e-20
Qabs	= 4.181812956e-21
