Cext	= 2.838158616
Qext	= 0.9034139459
Cabs	= -1.524749629e-16
Qabs	= -4.853428809e-17
