Cext	= 5.081384992
Qext	= 1.839451594
Cabs	= 2.056907093e-18
Qabs	= 7.445964116e-19

Based on radiation forces:
Cext.a	= (0,0,5.081384992)
Csca.g	= (-3.922827563e-17,1.227966703e-17,4.595617194)
Cpr	= (3.922827563e-17,-1.227966703e-17,0.485767798)
Qpr	= (1.420056033e-17,-4.445215847e-18,0.1758470086)
