Cext	= 5.081384992
Qext	= 1.839451594
Cabs	= 2.056907093e-18
Qabs	= 7.445964116e-19

Based on radiation forces:
Cext.a	= (0,0,5.081384992)
Csca.g	= (-1.943235603e-17,-3.456697829e-17,4.595617194)
Cpr	= (1.943235603e-17,3.456697829e-17,0.485767798)
Qpr	= (7.034475509e-18,1.251317966e-17,0.1758470086)
