Cext	= 427.1705369
Qext	= 3.014548094
Cabs	= -0
Qabs	= -0

Based on radiation forces:
Cext.a	= (0,0,427.1705369)
Csca.g	= (-0.6042490168,3.031394096,239.2705814)
Cpr	= (0.6042490168,-3.031394096,187.8999555)
Qpr	= (0.004264193255,-0.02139258799,1.326012456)
