Cext	= 7.412071412
Qext	= 2.359335607
Cabs	= 2.178186619e-17
Qabs	= 6.933383348e-18

Based on radiation forces:
Cext.a	= (0,0,7.412071412)
Csca.g	= (7.391306881e-09,4.314781755e-07,4.377243921)
Cpr	= (-7.391306881e-09,-4.314781755e-07,3.034827491)
Qpr	= (-2.352726052e-09,-1.373437689e-07,0.9660155932)
