Cext	= 0.01983253994
Qext	= 0.0107011671
Cabs	= 0
Qabs	= 0
