Cext	= 0.01972130132
Qext	= 0.01064114538
Cabs	= 0
Qabs	= 0
