Cext	= 3.410239144
Qext	= 1.085512834
Cabs	= 1.319005654e-18
Qabs	= 4.198525395e-19
