Cext	= 7.403884901
Qext	= 2.35672976
Cabs	= -6.968862709e-18
Qabs	= -2.218257896e-18

Based on radiation forces:
Cext.a	= (0,0,7.403884901)
Csca.g	= (1.026174087e-08,-1.30828385e-07,4.35724994)
Cpr	= (-1.026174087e-08,1.30828385e-07,3.046634961)
Qpr	= (-3.266413569e-09,4.164396834e-08,0.9697740278)
