Cext	= 1.609875082
Qext	= 0.5124391543
Cabs	= -1.53218681e-17
Qabs	= -4.877102093e-18
