Cext	= 6.941602364e-07
Qext	= 2.209580659e-07
Cabs	= 2.049457958e-22
Qabs	= 6.523627292e-23
