Cext	= 3.132684212e-08
Qext	= 9.971643551e-09
Cabs	= 1.058766036e-23
Qabs	= 3.370156963e-24
