Cext	= 3.039135037
Qext	= 1.639335568
Cabs	= -3.09100401e-18
Qabs	= -1.667314138e-18

Based on radiation forces:
Cext.a	= (0,0,3.039135037)
Csca.g	= (0.001789468558,0.001014110294,2.657658775)
Cpr	= (-0.001789468558,-0.001014110294,0.3814762621)
Qpr	= (-0.0009652547251,-0.0005470198115,0.2057715755)
