Cext	= 3.031080152
Qext	= 1.634990693
Cabs	= -3.084767946e-18
Qabs	= -1.663950351e-18

Based on radiation forces:
Cext.a	= (0,0,3.031080152)
Csca.g	= (0.001967444903,0.000391239785,2.651926434)
Cpr	= (-0.001967444903,-0.000391239785,0.3791537182)
Qpr	= (-0.001061256696,-0.0002110381037,0.2045187754)
