Cext	= 1.326754286
Qext	= 0.4223190056
Cabs	= -1.951994617e-17
Qabs	= -6.213391845e-18
