Cext	= 0.157814547
Qext	= 0.3139620655
Cabs	= 2.22919646e-20
Qabs	= 4.434845446e-20

Based on radiation forces:
Cext.a	= (0,0,0.157814547)
Csca.g	= (-1.559365036e-18,-3.40612158e-19,0.1143988225)
Cpr	= (1.559365036e-18,3.40612158e-19,0.04341572442)
Qpr	= (3.102258169e-18,6.776263578e-19,0.08637283936)
