Cext	= 7.4042888
Qext	= 2.356858325
Cabs	= -3.839392048e-18
Qabs	= -1.222116446e-18

Based on radiation forces:
Cext.a	= (0,0,7.4042888)
Csca.g	= (1.377777889e-10,-5.644739649e-09,4.352172168)
Cpr	= (-1.377777889e-10,5.644739649e-09,3.052116632)
Qpr	= (-4.38560323e-11,1.796776435e-09,0.9715188977)
