Cext	= 2.724534603e-13
Qext	= 8.672462994e-14
Cabs	= 1.767059612e-30
Qabs	= 5.624725441e-31
