Cext	= 6.573695662e-14
Qext	= 2.092472318e-14
Cabs	= 3.201087731e-31
Qabs	= 1.018937871e-31
