Cext	= 0.1203590644
Qext	= 0.0383114801
Cabs	= -1.498000937e-18
Qabs	= -4.768285078e-19
