Cext	= 7.406451239
Qext	= 2.357546651
Cabs	= -4.517755071e-18
Qabs	= -1.438046102e-18

Based on radiation forces:
Cext.a	= (0,0,7.406451239)
Csca.g	= (1.13765144e-08,2.112398312e-08,4.352916725)
Cpr	= (-1.13765144e-08,-2.112398312e-08,3.053534514)
Qpr	= (-3.621257003e-09,-6.723972662e-09,0.9719702237)
