Cext	= 0.9915988866
Qext	= 0.3156357287
Cabs	= -1.353139141e-17
Qabs	= -4.307175658e-18
