Cext	= 1.609876672
Qext	= 0.5124396603
Cabs	= -1.532187327e-17
Qabs	= -4.877103737e-18
