Cext	= 0.9681941945
Qext	= 0.3081857838
Cabs	= -1.359454927e-17
Qabs	= -4.32727943e-18
