Cext	= 1.701469137
Qext	= 0.5415944474
Cabs	= -2.041863617e-17
Qabs	= -6.499453757e-18
