Cext	= 0.9915909642
Qext	= 0.3156332069
Cabs	= -1.351264496e-17
Qabs	= -4.30120848e-18
