Cext	= 198.8965101
Qext	= 3.956920342
Cabs	= 5.072433511e-16
Qabs	= 1.009128584e-17

Based on radiation forces:
Cext.a	= (0,0,198.8965101)
Csca.g	= (1.438748674e-06,-3.092012863e-11,142.5166878)
Cpr	= (-1.438748674e-06,3.092012863e-11,56.37982224)
Qpr	= (-2.862299542e-08,6.15136414e-13,1.121640925)
