Cext	= 85.51818552
Qext	= 3.791149639
Cabs	= 2.613529391e-16
Qabs	= 1.158616842e-17

Based on radiation forces:
Cext.a	= (0,0,85.51818552)
Csca.g	= (6.953654429e-12,-8.719671245e-16,63.41056094)
Cpr	= (-6.953654429e-12,8.719671245e-16,22.10762458)
Qpr	= (-3.082659473e-13,3.865561259e-17,0.98006421)
