Cext	= 7.412070066
Qext	= 2.359335179
Cabs	= 2.178184544e-17
Qabs	= 6.933376744e-18

Based on radiation forces:
Cext.a	= (0,0,7.412070066)
Csca.g	= (1.571188978e-08,-8.781314405e-07,4.377242769)
Cpr	= (-1.571188978e-08,8.781314405e-07,3.034827296)
Qpr	= (-5.001249847e-09,2.795179189e-07,0.9660155313)
