Cext	= 1.109635335
Qext	= 0.3532078972
Cabs	= -1.553101457e-17
Qabs	= -4.943675481e-18
