Cext	= 0.03804734727
Qext	= 0.01211084678
Cabs	= -4.151395752e-19
Qabs	= -1.321430309e-19
