Cext	= 0.2236455013
Qext	= 0.07118857408
Cabs	= 5.135604115e-19
Qabs	= 1.634713561e-19
