Cext	= 0.1369699405
Qext	= 0.04359888617
Cabs	= -1.325169293e-18
Qabs	= -4.218144867e-19
