Cext	= 3.124472782
Qext	= 0.4420224781
Cabs	= 0
Qabs	= 0
