Cext	= 3.080673026
Qext	= 0.4358260801
Cabs	= 0
Qabs	= 0
