Cext	= 0.1126735891
Qext	= 0.03586511732
Cabs	= -1.477765118e-18
Qabs	= -4.703872465e-19
