Cext	= 0.6844742004
Qext	= 0.2178749048
Cabs	= 1.176904973e-18
Qabs	= 3.746204881e-19
