Cext	= 1.60894369
Qext	= 0.5121426829
Cabs	= -3.468294132e-17
Qabs	= -1.103992311e-17
