Cext	= 1.608944297
Qext	= 0.5121428761
Cabs	= -3.468292009e-17
Qabs	= -1.103991635e-17
