Cext	= 0.08102235475
Qext	= 0.04228650459
Cabs	= 0
Qabs	= 0
