Cext	= 0.08088682815
Qext	= 0.04221577169
Cabs	= 0
Qabs	= 0
