Cext	= 0.00480713555
Qext	= 0.00153015877
Cabs	= -5.928603605e-20
Qabs	= -1.887133139e-20
