Cext	= 6.197947716e-05
Qext	= 1.972868032e-05
Cabs	= 1.887776386e-22
Qabs	= 6.008978867e-23
