Cext	= 5.105538538e-05
Qext	= 1.625143391e-05
Cabs	= 2.863304001e-22
Qabs	= 9.114179707e-23
