Cext	= 1.764859907e-10
Qext	= 5.617723562e-11
Cabs	= 0
Qabs	= 0
