Cext	= 4.186023662e-10
Qext	= 1.332452715e-10
Cabs	= 0
Qabs	= 0
