Cext	= 0.04182731854
Qext	= 0.1479338778
Cabs	= 0
Qabs	= 0

Based on radiation forces:
Cext.a	= (0,0,0.04182731854)
Csca.g	= (1.303905917e-19,5.082572045e-18,0.02335865985)
Cpr	= (-1.303905917e-19,-5.082572045e-18,0.01846865869)
Qpr	= (-4.611623824e-19,-1.797592144e-17,0.06531951828)
